imgList	takumi1P.tga	icon_00.tga	icon_hatena.tga	icon_cur.tga	name_takumi.tga	name_kei.tga	name_hukumen.tga	name_nakazato.tga	name_singo.tga	name_ryo.tga	name_bunta.tga	name_takumisan.tga	keisuke1P.tga	hukumen1P.tga	nakazato1P.tga	singo1P.tga	ryousuke1P.tga	bunta1P.tga	takumisan_1P.tga	icon_8200.tga	icon_2300.tga	icon_223.tga	icon_21000.tga	icon_800.tga	icon_7001.tga	takumi2P.tga	keisuke2P.tga	nakazato2P.tga	singo2P.tga	ryousuke2P.tga
smfList
wavList
-	---#0, 0#---	600,0,0
0	Tx	-1.0
0	Pos	0.0	0.0	0.0
-	---#0, 1#---	600,0,0
0	Tx	-1.0
0	Set2P	
0	Pos	0.0	0.0	0.0
-	---#0, 2#---	600,0,2
-	---#0, 3#---	60,0,2
0	Tx	0.0
0	Pos	-270.0	0.0	0.0
0	ColorALL	255.0	255.0	255.0	0.0
0	SetUV_X	0.0
0	TxSize	1.0	1.0	1.0	1.0	0.0
-	---#0, 4#---	60,0,2
0	Tx	12.0
0	Pos	-270.0	0.0	0.0
0	ColorALL	255.0	255.0	255.0	0.0
0	SetUV_X	0.0
0	TxSize	1.0	1.0	1.0	1.0	0.0
-	---#0, 5#---	60,0,2
0	Tx	0.0
0	Pos	-270.0	0.0	0.0
0	ColorALL	255.0	255.0	255.0	0.0
0	SetUV_X	0.0
0	TxSize	1.0	1.0	1.0	1.0	0.0
-	---#0, 6#---	60,0,2
0	Tx	13.0
0	Pos	-270.0	0.0	0.0
0	ColorALL	255.0	255.0	255.0	0.0
0	SetUV_X	0.0
0	TxSize	1.0	1.0	1.0	1.0	0.0
-	---#0, 7#---	60,0,2
0	Tx	14.0
0	Pos	-270.0	0.0	0.0
0	ColorALL	255.0	255.0	255.0	0.0
0	SetUV_X	0.0
0	TxSize	1.0	1.0	1.0	1.0	0.0
-	---#0, 8#---	60,0,2
0	Tx	15.0
0	Pos	-270.0	0.0	0.0
0	ColorALL	255.0	255.0	255.0	0.0
0	SetUV_X	0.0
0	TxSize	1.0	1.0	1.0	1.0	0.0
-	---#0, 9#---	60,0,2
0	Tx	16.0
0	Pos	-270.0	0.0	0.0
0	ColorALL	255.0	255.0	255.0	0.0
0	SetUV_X	0.0
0	TxSize	1.0	1.0	1.0	1.0	0.0
-	---#0, 10#---	60,0,2
0	Tx	17.0
0	Pos	-270.0	0.0	0.0
0	ColorALL	255.0	255.0	255.0	0.0
0	SetUV_X	0.0
0	TxSize	1.0	1.0	1.0	1.0	0.0
-	---#0, 11#---	75,0,2
0	ColorALL	0.0	0.0	0.0	0.0
0	ColorALL	255.0	255.0	255.0	60.0
0	Tx	18.0
0	Pos	-270.0	0.0	0.0
0	TxSize	0.0	1.0	1.0	1.0	5.0
5	TxSize	1.0	1.0	0.0	1.0	5.0
10	SetUV_X	1.0
10	TxSize	0.0	1.0	1.0	1.0	5.0
15	TxSize	1.0	1.0	0.0	1.0	5.0
20	SetUV_X	0.0
20	TxSize	0.0	1.0	1.0	1.0	5.0
25	TxSize	1.0	1.0	0.0	1.0	5.0
30	SetUV_X	1.0
30	TxSize	0.0	1.0	1.0	1.0	5.0
35	TxSize	1.0	1.0	0.0	1.0	5.0
40	SetUV_X	0.0
40	TxSize	0.0	1.0	1.0	1.0	5.0
45	TxSize	1.0	1.0	0.0	1.0	5.0
50	SetUV_X	1.0
50	TxSize	0.0	1.0	1.0	1.0	5.0
55	TxSize	1.0	1.0	0.0	1.0	5.0
60	SetUV_X	0.0
60	TxSize	0.0	1.0	1.0	1.0	5.0
-	---#0, 12#---	60,0,2
0	Tx	15.0
0	Pos	-270.0	0.0	0.0
-	---#0, 13#---	60,0,14
0	MoveX	-800.0	60.0	5.0
-	---#0, 14#---	60,0,14
-	---#1, 0#---	600,1,0
0	Tx	-1.0
0	Pos	0.0	0.0	0.0
-	---#1, 1#---	600,1,0
0	Tx	-1.0
0	Set2P	
0	Pos	0.0	0.0	0.0
-	---#1, 2#---	600,1,2
-	---#1, 3#---	30,1,2
0	Tx	0.0
0	Alpha	255.0	255.0	0.0
0	SetGray	1.0
0	Pos	-270.0	0.0	0.0
15	Alpha	255.0	0.0	15.0
-	---#1, 4#---	30,1,2
0	Tx	12.0
0	Alpha	255.0	255.0	0.0
0	SetGray	1.0
0	Pos	-270.0	0.0	0.0
15	Alpha	255.0	0.0	15.0
-	---#1, 5#---	30,1,2
0	Tx	0.0
0	Alpha	255.0	255.0	0.0
0	SetGray	1.0
0	Pos	-270.0	0.0	0.0
15	Alpha	255.0	0.0	15.0
-	---#1, 6#---	30,1,2
0	Tx	13.0
0	Alpha	255.0	255.0	0.0
0	SetGray	1.0
0	Pos	-270.0	0.0	0.0
15	Alpha	255.0	0.0	15.0
-	---#1, 7#---	30,1,2
0	Tx	14.0
0	Alpha	255.0	255.0	0.0
0	SetGray	1.0
0	Pos	-270.0	0.0	0.0
15	Alpha	255.0	0.0	15.0
-	---#1, 8#---	30,1,2
0	Tx	15.0
0	Alpha	255.0	255.0	0.0
0	SetGray	1.0
0	Pos	-270.0	0.0	0.0
15	Alpha	255.0	0.0	15.0
-	---#1, 9#---	30,1,2
0	Tx	16.0
0	Alpha	255.0	255.0	0.0
0	SetGray	1.0
0	Pos	-270.0	0.0	0.0
15	Alpha	255.0	0.0	15.0
-	---#1, 10#---	30,1,2
0	Tx	17.0
0	Alpha	255.0	255.0	0.0
0	SetGray	1.0
0	Pos	-270.0	0.0	0.0
15	Alpha	255.0	0.0	15.0
-	---#1, 11#---	60,1,2
0	Tx	-1.0
-	---#1, 12#---	30,1,2
0	Tx	15.0
0	Alpha	255.0	255.0	0.0
0	SetGray	1.0
0	Pos	-270.0	0.0	0.0
15	Alpha	255.0	0.0	15.0
-	---#1, 13#---	60,1,14
0	MoveX	-800.0	60.0	5.0
-	---#1, 14#---	60,1,14
-	---#2, 0#---	600,2,0
0	Tx	-1.0
0	Pos	0.0	0.0	0.0
-	---#2, 1#---	600,2,1
0	Tx	-1.0
0	Set2P	
0	Pos	0.0	0.0	0.0
-	---#2, 2#---	600,2,2
-	---#2, 3#---	15,2,2
0	Tx	4.0
0	Alpha	0.0	255.0	15.0
0	Pos	-280.0	70.0	0.0
0	TxSize	2.0	2.0	1.0	1.0	15.0
-	---#2, 4#---	15,2,2
0	Tx	5.0
0	Alpha	0.0	255.0	15.0
0	Pos	-280.0	70.0	0.0
0	TxSize	2.0	2.0	1.0	1.0	15.0
-	---#2, 5#---	15,2,2
0	Tx	4.0
0	Alpha	0.0	255.0	15.0
0	Pos	-280.0	70.0	0.0
0	TxSize	2.0	2.0	1.0	1.0	15.0
-	---#2, 6#---	15,2,2
0	Tx	6.0
0	Alpha	0.0	255.0	15.0
0	Pos	-280.0	70.0	0.0
0	TxSize	2.0	2.0	1.0	1.0	15.0
-	---#2, 7#---	15,2,2
0	Tx	7.0
0	Alpha	0.0	255.0	15.0
0	Pos	-280.0	70.0	0.0
0	TxSize	2.0	2.0	1.0	1.0	15.0
-	---#2, 8#---	15,2,2
0	Tx	8.0
0	Alpha	0.0	255.0	15.0
0	Pos	-280.0	70.0	0.0
0	TxSize	2.0	2.0	1.0	1.0	15.0
-	---#2, 9#---	15,2,2
0	Tx	9.0
0	Alpha	0.0	255.0	15.0
0	Pos	-280.0	70.0	0.0
0	TxSize	2.0	2.0	1.0	1.0	15.0
-	---#2, 10#---	15,2,2
0	Tx	10.0
0	Alpha	0.0	255.0	15.0
0	Pos	-280.0	70.0	0.0
0	TxSize	2.0	2.0	1.0	1.0	15.0
-	---#2, 11#---	15,2,2
0	Tx	11.0
0	Alpha	0.0	255.0	15.0
0	Pos	-280.0	70.0	0.0
0	TxSize	2.0	2.0	1.0	1.0	15.0
-	---#2, 12#---	15,2,2
0	Tx	8.0
0	Alpha	0.0	255.0	15.0
0	Pos	-280.0	70.0	0.0
0	TxSize	2.0	2.0	1.0	1.0	15.0
-	---#2, 13#---	60,2,14
0	MoveX	-800.0	60.0	5.0
-	---#2, 14#---	60,2,14
-	---#3, 0#---	600,3,0
0	Tx	-1.0
0	Pos	0.0	0.0	0.0
-	---#3, 1#---	600,3,1
0	TxSize	0.8	0.8	0.8	0.8	0.0
-	---#3, 2#---	10,3,1
0	CharChk_and_Tx	0.0	1.0	2.0
0	Alpha	0.0	255.0	10.0
0	Pos	-330.0	160.0	0.0
0	TxSize	2.0	2.0	0.8	0.8	10.0
-	---#3, 3#---	30,3,1
20	CharChk_and_Tx	1.0	19.0	2.0
20	Alpha	0.0	255.0	10.0
20	Pos	-220.0	170.0	0.0
20	TxSize	2.0	2.0	0.8	0.8	10.0
-	---#3, 4#---	50,3,1
40	CharChk_and_Tx	2.0	20.0	2.0
40	Alpha	0.0	255.0	10.0
40	Pos	-110.0	160.0	0.0
40	TxSize	2.0	2.0	0.8	0.8	10.0
-	---#3, 5#---	70,3,1
60	CharChk_and_Tx	3.0	21.0	2.0
60	Alpha	0.0	255.0	10.0
60	Pos	0.0	170.0	0.0
60	TxSize	2.0	2.0	0.8	0.8	10.0
-	---#3, 6#---	60,3,1
50	CharChk_and_Tx	4.0	22.0	2.0
50	Alpha	0.0	255.0	10.0
50	Pos	110.0	160.0	0.0
50	TxSize	2.0	2.0	0.8	0.8	10.0
-	---#3, 7#---	40,3,1
30	CharChk_and_Tx	5.0	23.0	2.0
30	Alpha	0.0	255.0	10.0
30	Pos	220.0	170.0	0.0
30	TxSize	2.0	2.0	0.8	0.8	10.0
-	---#3, 8#---	20,3,1
10	CharChk_and_Tx	6.0	24.0	2.0
10	Alpha	0.0	255.0	10.0
10	Pos	330.0	160.0	0.0
10	TxSize	2.0	2.0	0.8	0.8	10.0
-	---#3, 9#---	80,3,1
70	CharChk_and_Tx	7.0	1.0	-1.0
70	Alpha	0.0	255.0	10.0
70	Pos	-1000.0	160.0	0.0
70	TxSize	2.0	2.0	0.8	0.8	10.0
-	---#3, 10#---	80,3,1
70	CharChk_and_Tx	8.0	1.0	-1.0
70	Alpha	0.0	255.0	10.0
70	Pos	-1000.0	160.0	0.0
70	TxSize	2.0	2.0	0.8	0.8	10.0
-	---#3, 11#---	80,3,1
70	CharChk_and_Tx	9.0	1.0	-1.0
70	Alpha	0.0	255.0	10.0
70	Pos	-1000.0	160.0	0.0
70	TxSize	2.0	2.0	0.8	0.8	10.0
-	---#3, 12#---	10,3,13
0	TxSize	0.8	0.8	1.0	1.0	10.0
-	---#3, 13#---	600,3,13
-	---#3, 14#---	30,3,13
0	Alpha	255.0	0.0	30.0
-	---#4, 0#---	600,4,0
0	Tx	-1.0
0	Pos	0.0	0.0	0.0
-	---#4, 1#---	30,4,2
0	Tx	3.0
0	ChangeColor	0.0	255.0	255.0	0.0	255.0	64.0	0.0	30.0
0	TxSize	0.8	0.8	1.0	1.0	10.0
0	Alpha	0.0	255.0	5.0
-	---#4, 2#---	60,4,2
0	ChangeColor	0.0	255.0	64.0	0.0	255.0	255.0	0.0	30.0
30	ChangeColor	0.0	255.0	255.0	0.0	255.0	64.0	0.0	30.0
-	---#4, 3#---	30,4,4
0	Angle	0.0	720.0	30.0
0	ChangeColor	0.0	255.0	255.0	0.0	0.0	128.0	255.0	30.0
0	TxSize	1.0	1.0	1.2	1.2	15.0
15	TxSize	1.2	1.2	1.0	1.0	15.0
-	---#4, 4#---	600,4,4
-	---#4, 5#---	30,4,2
0	ChangeColor	0.0	128.0	255.0	0.0	255.0	255.0	0.0	30.0
0	Angle	0.0	-720.0	30.0
0	TxSize	1.0	1.0	1.2	1.2	15.0
15	TxSize	1.2	1.2	1.0	1.0	15.0
-	---#4, 6#---	30,4,4
0	Alpha	255.0	0.0	30.0
-	---#5, 0#---	600,5,0
0	Tx	-1.0
0	Pos	0.0	0.0	0.0
-	---#5, 1#---	600,5,0
0	Tx	-1.0
0	Set2P	
0	Pos	0.0	0.0	0.0
-	---#5, 2#---	600,5,2
-	---#5, 3#---	30,5,2
0	Tx	0.0
0	ColorALL	0.0	0.0	0.0	0.0
0	Pos	-270.0	0.0	0.0
0	Move2	-290.0	10.0	0.0	30.0	2.0
0	Alpha	0.0	64.0	30.0
-	---#5, 4#---	30,5,2
0	Tx	12.0
0	ColorALL	0.0	0.0	0.0	0.0
0	Pos	-270.0	0.0	0.0
0	Move2	-290.0	10.0	0.0	30.0	2.0
0	Alpha	0.0	64.0	30.0
-	---#5, 5#---	30,5,2
0	Tx	0.0
0	ColorALL	0.0	0.0	0.0	0.0
0	Pos	-270.0	0.0	0.0
0	Move2	-290.0	10.0	0.0	30.0	2.0
0	Alpha	0.0	64.0	30.0
-	---#5, 6#---	30,5,2
0	Tx	13.0
0	ColorALL	0.0	0.0	0.0	0.0
0	Pos	-270.0	0.0	0.0
0	Move2	-290.0	10.0	0.0	30.0	2.0
0	Alpha	0.0	64.0	30.0
-	---#5, 7#---	30,5,2
0	Tx	14.0
0	ColorALL	0.0	0.0	0.0	0.0
0	Pos	-270.0	0.0	0.0
0	Move2	-290.0	10.0	0.0	30.0	2.0
0	Alpha	0.0	64.0	30.0
-	---#5, 8#---	30,5,2
0	Tx	15.0
0	ColorALL	0.0	0.0	0.0	0.0
0	Pos	-270.0	0.0	0.0
0	Move2	-290.0	10.0	0.0	30.0	2.0
0	Alpha	0.0	64.0	30.0
-	---#5, 9#---	30,5,2
0	Tx	16.0
0	ColorALL	0.0	0.0	0.0	0.0
0	Pos	-270.0	0.0	0.0
0	Move2	-290.0	10.0	0.0	30.0	2.0
0	Alpha	0.0	64.0	30.0
-	---#5, 10#---	30,5,2
0	Tx	17.0
0	ColorALL	0.0	0.0	0.0	0.0
0	Pos	-270.0	0.0	0.0
0	Move2	-290.0	10.0	0.0	30.0	2.0
0	Alpha	0.0	64.0	30.0
-	---#5, 11#---	60,5,2
0	Tx	18.0
0	Alpha	0.0	0.0	0.0
0	ColorALL	0.0	0.0	0.0	0.0
0	Pos	-270.0	0.0	0.0
15	Move2	-290.0	10.0	0.0	30.0	2.0
15	Alpha	0.0	64.0	30.0
-	---#5, 12#---	30,5,2
0	Tx	15.0
0	ColorALL	0.0	0.0	0.0	0.0
0	Pos	-270.0	0.0	0.0
0	Move2	-290.0	10.0	0.0	30.0	2.0
0	Alpha	0.0	64.0	30.0
-	---#5, 13#---	60,5,14
0	MoveX	-820.0	60.0	5.0
-	---#5, 14#---	60,5,14
-	---#6, 0#---	600,6,0
0	Tx	-1.0
0	Pos	0.0	0.0	0.0
-	---#6, 1#---	600,6,0
0	Tx	-1.0
0	Set2P	
0	Pos	0.0	0.0	0.0
-	---#6, 2#---	600,6,2
-	---#6, 3#---	60,6,2
0	Tx	25.0
0	Pos	-270.0	0.0	0.0
0	ColorALL	255.0	255.0	255.0	0.0
0	SetUV_X	0.0
0	TxSize	1.0	1.0	1.0	1.0	0.0
-	---#6, 4#---	60,6,2
0	Tx	26.0
0	Pos	-270.0	0.0	0.0
0	ColorALL	255.0	255.0	255.0	0.0
0	SetUV_X	0.0
0	TxSize	1.0	1.0	1.0	1.0	0.0
-	---#6, 5#---	60,6,2
0	Tx	25.0
0	Pos	-270.0	0.0	0.0
0	ColorALL	255.0	255.0	255.0	0.0
0	SetUV_X	0.0
0	TxSize	1.0	1.0	1.0	1.0	0.0
-	---#6, 6#---	60,6,2
0	Tx	13.0
0	Pos	-270.0	0.0	0.0
0	ColorALL	255.0	255.0	255.0	0.0
0	SetUV_X	0.0
0	TxSize	1.0	1.0	1.0	1.0	0.0
-	---#6, 7#---	60,6,2
0	Tx	27.0
0	Pos	-270.0	0.0	0.0
0	ColorALL	255.0	255.0	255.0	0.0
0	SetUV_X	0.0
0	TxSize	1.0	1.0	1.0	1.0	0.0
-	---#6, 8#---	60,6,2
0	Tx	28.0
0	Pos	-270.0	0.0	0.0
0	ColorALL	255.0	255.0	255.0	0.0
0	SetUV_X	0.0
0	TxSize	1.0	1.0	1.0	1.0	0.0
-	---#6, 9#---	60,6,2
0	Tx	29.0
0	Pos	-270.0	0.0	0.0
0	ColorALL	255.0	255.0	255.0	0.0
0	SetUV_X	0.0
0	TxSize	1.0	1.0	1.0	1.0	0.0
-	---#6, 10#---	60,6,2
0	Tx	17.0
0	Pos	-270.0	0.0	0.0
0	ColorALL	255.0	255.0	255.0	0.0
0	SetUV_X	0.0
0	TxSize	1.0	1.0	1.0	1.0	0.0
-	---#6, 11#---	75,6,2
0	ColorALL	0.0	0.0	0.0	0.0
0	ColorALL	255.0	255.0	255.0	60.0
0	Tx	18.0
0	Pos	-270.0	0.0	0.0
0	TxSize	0.0	1.0	1.0	1.0	5.0
5	TxSize	1.0	1.0	0.0	1.0	5.0
10	SetUV_X	1.0
10	TxSize	0.0	1.0	1.0	1.0	5.0
15	TxSize	1.0	1.0	0.0	1.0	5.0
20	SetUV_X	0.0
20	TxSize	0.0	1.0	1.0	1.0	5.0
25	TxSize	1.0	1.0	0.0	1.0	5.0
30	SetUV_X	1.0
30	TxSize	0.0	1.0	1.0	1.0	5.0
35	TxSize	1.0	1.0	0.0	1.0	5.0
40	SetUV_X	0.0
40	TxSize	0.0	1.0	1.0	1.0	5.0
45	TxSize	1.0	1.0	0.0	1.0	5.0
50	SetUV_X	1.0
50	TxSize	0.0	1.0	1.0	1.0	5.0
55	TxSize	1.0	1.0	0.0	1.0	5.0
60	SetUV_X	0.0
60	TxSize	0.0	1.0	1.0	1.0	5.0
-	---#6, 12#---	60,6,2
0	Tx	15.0
0	Pos	-270.0	0.0	0.0
-	---#6, 13#---	60,6,14
0	MoveX	-800.0	60.0	5.0
-	---#6, 14#---	60,6,14
-	---#7, 0#---	600,7,0
0	Tx	-1.0
0	Pos	0.0	0.0	0.0
-	---#7, 1#---	600,7,0
0	Tx	-1.0
0	Set2P	
0	Pos	0.0	0.0	0.0
-	---#7, 2#---	600,7,2
-	---#7, 3#---	30,7,2
0	Tx	25.0
0	Alpha	255.0	255.0	0.0
0	SetGray	1.0
0	Pos	-270.0	0.0	0.0
15	Alpha	255.0	0.0	15.0
-	---#7, 4#---	30,7,2
0	Tx	26.0
0	Alpha	255.0	255.0	0.0
0	SetGray	1.0
0	Pos	-270.0	0.0	0.0
15	Alpha	255.0	0.0	15.0
-	---#7, 5#---	30,7,2
0	Tx	25.0
0	Alpha	255.0	255.0	0.0
0	SetGray	1.0
0	Pos	-270.0	0.0	0.0
15	Alpha	255.0	0.0	15.0
-	---#7, 6#---	30,7,2
0	Tx	13.0
0	Alpha	255.0	255.0	0.0
0	SetGray	1.0
0	Pos	-270.0	0.0	0.0
15	Alpha	255.0	0.0	15.0
-	---#7, 7#---	30,7,2
0	Tx	27.0
0	Alpha	255.0	255.0	0.0
0	SetGray	1.0
0	Pos	-270.0	0.0	0.0
15	Alpha	255.0	0.0	15.0
-	---#7, 8#---	30,7,2
0	Tx	28.0
0	Alpha	255.0	255.0	0.0
0	SetGray	1.0
0	Pos	-270.0	0.0	0.0
15	Alpha	255.0	0.0	15.0
-	---#7, 9#---	30,7,2
0	Tx	29.0
0	Alpha	255.0	255.0	0.0
0	SetGray	1.0
0	Pos	-270.0	0.0	0.0
15	Alpha	255.0	0.0	15.0
-	---#7, 10#---	30,7,2
0	Tx	17.0
0	Alpha	255.0	255.0	0.0
0	SetGray	1.0
0	Pos	-270.0	0.0	0.0
15	Alpha	255.0	0.0	15.0
-	---#7, 11#---	60,7,2
0	Tx	-1.0
-	---#7, 12#---	30,7,2
0	Tx	15.0
0	Alpha	255.0	255.0	0.0
0	SetGray	1.0
0	Pos	-270.0	0.0	0.0
15	Alpha	255.0	0.0	15.0
-	---#7, 13#---	60,7,14
0	MoveX	-800.0	60.0	5.0
-	---#7, 14#---	60,7,14
-	---#8, 0#---	600,8,0
0	Tx	-1.0
0	Pos	0.0	0.0	0.0
-	---#8, 1#---	600,8,0
0	Tx	-1.0
0	Set2P	
0	Pos	0.0	0.0	0.0
-	---#8, 2#---	600,8,2
-	---#8, 3#---	30,8,2
0	Tx	25.0
0	ColorALL	0.0	0.0	0.0	0.0
0	Pos	-270.0	0.0	0.0
0	Move2	-290.0	10.0	0.0	30.0	2.0
0	Alpha	0.0	64.0	30.0
-	---#8, 4#---	30,8,2
0	Tx	26.0
0	ColorALL	0.0	0.0	0.0	0.0
0	Pos	-270.0	0.0	0.0
0	Move2	-290.0	10.0	0.0	30.0	2.0
0	Alpha	0.0	64.0	30.0
-	---#8, 5#---	30,8,2
0	Tx	25.0
0	ColorALL	0.0	0.0	0.0	0.0
0	Pos	-270.0	0.0	0.0
0	Move2	-290.0	10.0	0.0	30.0	2.0
0	Alpha	0.0	64.0	30.0
-	---#8, 6#---	30,8,2
0	Tx	13.0
0	ColorALL	0.0	0.0	0.0	0.0
0	Pos	-270.0	0.0	0.0
0	Move2	-290.0	10.0	0.0	30.0	2.0
0	Alpha	0.0	64.0	30.0
-	---#8, 7#---	30,8,2
0	Tx	27.0
0	ColorALL	0.0	0.0	0.0	0.0
0	Pos	-270.0	0.0	0.0
0	Move2	-290.0	10.0	0.0	30.0	2.0
0	Alpha	0.0	64.0	30.0
-	---#8, 8#---	30,8,2
0	Tx	28.0
0	ColorALL	0.0	0.0	0.0	0.0
0	Pos	-270.0	0.0	0.0
0	Move2	-290.0	10.0	0.0	30.0	2.0
0	Alpha	0.0	64.0	30.0
-	---#8, 9#---	30,8,2
0	Tx	29.0
0	ColorALL	0.0	0.0	0.0	0.0
0	Pos	-270.0	0.0	0.0
0	Move2	-290.0	10.0	0.0	30.0	2.0
0	Alpha	0.0	64.0	30.0
-	---#8, 10#---	30,8,2
0	Tx	17.0
0	ColorALL	0.0	0.0	0.0	0.0
0	Pos	-270.0	0.0	0.0
0	Move2	-290.0	10.0	0.0	30.0	2.0
0	Alpha	0.0	64.0	30.0
-	---#8, 11#---	60,8,2
0	Tx	18.0
0	Alpha	0.0	0.0	0.0
0	ColorALL	0.0	0.0	0.0	0.0
0	Pos	-270.0	0.0	0.0
15	Move2	-290.0	10.0	0.0	30.0	2.0
15	Alpha	0.0	64.0	30.0
-	---#8, 12#---	30,8,2
0	Tx	15.0
0	ColorALL	0.0	0.0	0.0	0.0
0	Pos	-270.0	0.0	0.0
0	Move2	-290.0	10.0	0.0	30.0	2.0
0	Alpha	0.0	64.0	30.0
-	---#8, 13#---	60,8,14
0	MoveX	-820.0	60.0	5.0
-	---#8, 14#---	60,8,14
